(393,393)(393,393)(402,402)(419,419)(448,448)(411,411)(463,463)(515,515)(560,560)(622,622)
(663,663)(698,698)(729,729)(747,747)(754,754)(754,754)(746,746)(717,717)(665,665)(599,599)
(520,520)(459,459)(430,430)(412,412)(399,399)(1610,1610)(1614,1614)(1636,1636)(1633,1633)(1628,1628)
(1621,1621)(1615,1615)(1611,1611)(1611,1611)(1616,1616)(1630,1630)(1634,1634)(1636,1636)(1632,1632)(1640,1640)
(1646,1646)(1650,1650)(1649,1649)(1653,1653)(1654,1654)(1670,1670)(1686,1686)(1691,1691)(1693,1693)(1692,1692)
(1669,1669)(1675,1675)(1683,1683)(1687,1687)(1696,1696)(1700,1700)(1703,1703)(1701,1701)(1697,1697)(1698,1698)
(1710,1710)(1710,1710)(1715,1715)(1718,1718)(1713,1713)(1697,1697)(1690,1690)(1689,1689)(1659,1659)(1658,1658)
(1652,1652)(1650,1650)(1654,1654)(1640,1640)(1637,1637)(1638,1638)(1636,1636)(1628,1628)(1629,1629)(1624,1624)
(1617,1617)(1120,1120)(1081,1081)(1027,1027)(989,989)(977,977)(978,978)(990,990)(995,995)(997,997)
(989,989)(995,995)(998,998)(996,996)(1001,1001)(1000,1000)(1005,1005)(1004,1004)(1007,1007)(1012,1012)
(1015,1015)(1035,1035)(1033,1033)(1014,1014)(1024,1024)(1033,1033)(1037,1037)(1034,1034)(1031,1031)(1021,1021)
(1012,1012)(1014,1014)(1032,1032)(1076,1076)(1113,1113)(1119,1119)(1656,1656)(1656,1656)(1662,1662)(1681,1681)
(1717,1717)(1760,1760)(1827,1827)(1873,1873)(1903,1903)(1913,1913)(1921,1921)(1921,1921)(1916,1916)(1906,1906)
(1890,1890)(1868,1868)(1837,1837)(1775,1775)(1753,1753)(1756,1756)(1755,1755)(1716,1716)(1682,1682)(1664,1664)
(147,147)(146,146)(147,147)(149,149)(163,163)(164,164)(167,167)(230,230)(231,231)(232,232)
(234,234)(238,238)(241,241)(246,246)(289,289)(291,291)(291,291)(287,287)(288,288)(286,286)
(278,278)(275,275)(270,270)(267,267)(259,259)(256,256)(245,245)(247,247)(246,246)(242,242)
(241,241)(237,237)(214,214)(213,213)(172,172)(165,165)(152,152)(148,148)
