(37,37)(37,37)(43,43)(66,66)(105,105)(150,150)(188,188)(212,212)(240,240)(260,260)
(293,293)(276,276)(293,293)(302,302)(301,301)(295,295)(280,280)(268,268)(232,232)(183,183)
(128,128)(86,86)(57,57)(46,46)(773,773)(738,738)(709,709)(677,677)(658,658)(630,630)
(656,656)(654,654)(661,661)(677,677)(702,702)(723,723)(762,762)(788,788)(844,844)(875,875)
(899,899)(923,923)(943,943)(959,959)(959,959)(954,954)(935,935)(924,924)(898,898)(844,844)
(537,537)(675,675)(637,637)(620,620)(622,622)(647,647)(1062,1062)(1062,1062)(1042,1042)(973,973)
(887,887)(782,782)(705,705)(631,631)(236,236)(240,240)(247,247)(262,262)(257,257)(272,272)
(261,261)(273,273)(267,267)(261,261)(252,252)(268,268)(257,257)(264,264)(255,255)(246,246)
(247,247)(254,254)(248,248)(254,254)(262,262)(266,266)(274,274)(268,268)(267,267)(281,281)
(279,279)(285,285)(291,291)(308,308)(306,306)(296,296)(298,298)(474,474)(475,475)(484,484)
(472,472)(469,469)(469,469)(480,480)(473,473)(489,489)(484,484)(493,493)(497,497)(507,507)
(503,503)(495,495)(502,502)(516,516)(517,517)(509,509)(498,498)(492,492)(498,498)(503,503)
(490,490)(486,486)(494,494)(486,486)(506,506)(518,518)(521,521)(529,529)(531,531)(534,534)
(538,538)(531,531)(541,541)(542,542)(546,546)(552,552)(556,556)(545,545)(551,551)(547,547)
(568,568)(551,551)(556,556)(565,565)(562,562)(246,246)
