(5,5)(6,6)(23,23)(45,45)(80,80)(110,110)(119,119)(129,129)(129,129)(134,134)
(171,171)(195,195)(213,213)(224,224)(228,228)(229,229)(225,225)(219,219)(164,164)(164,164)
(168,168)(176,176)(200,200)(230,230)(264,264)(309,309)(338,338)(376,376)(399,399)(433,433)
(418,418)(409,409)(410,410)(400,400)(383,383)(371,371)(342,342)(303,303)(270,270)(228,228)
(219,219)(205,205)(188,188)(1840,1840)(1831,1831)(1831,1831)(1828,1828)(1830,1830)(1826,1826)(1828,1828)
(1830,1830)(1826,1826)(1826,1826)(1823,1823)(1824,1824)(1820,1820)(1822,1822)(1819,1819)(1814,1814)(1812,1812)
(1816,1816)(1813,1813)(1808,1808)(1811,1811)(1808,1808)(1806,1806)(1806,1806)(1802,1802)(1797,1797)(1785,1785)
(1787,1787)(1783,1783)(1783,1783)(1780,1780)(1759,1759)(1756,1756)(1753,1753)(1747,1747)(1743,1743)(1746,1746)
(1742,1742)(1735,1735)(1737,1737)(1735,1735)(1733,1733)(1726,1726)(1730,1730)(1728,1728)(1788,1788)(1796,1796)
(1821,1821)(1819,1819)(1822,1822)(1826,1826)(1828,1828)(1827,1827)(1829,1829)(1829,1829)(1833,1833)(1829,1829)
(1834,1834)(1841,1841)(1841,1841)(1837,1837)(1839,1839)(1833,1833)(1831,1831)(1828,1828)(1833,1833)(1831,1831)
(1833,1833)(1837,1837)(1833,1833)(1838,1838)(1841,1841)
