(414,414)(417,417)(437,437)(472,472)(515,515)(589,589)(634,634)(671,671)(696,696)(711,711)
(739,739)(783,783)(847,847)(866,866)(872,872)(922,922)(967,967)(992,992)(1005,1005)(1003,1003)
(995,995)(977,977)(938,938)(881,881)(792,792)(736,736)(704,704)(697,697)(674,674)(639,639)
(583,583)(512,512)(460,460)(424,424)(618,618)(618,618)(613,613)(612,612)(606,606)(602,602)
(605,605)(602,602)(607,607)(605,605)(606,606)(612,612)(613,613)(611,611)(609,609)(610,610)
(631,631)(647,647)(675,675)(695,695)(703,703)(702,702)(706,706)(706,706)(719,719)(720,720)
(720,720)(723,723)(725,725)(724,724)(722,722)(722,722)(720,720)(720,720)(722,722)(719,719)
(724,724)(719,719)(722,722)(720,720)(721,721)(718,718)(715,715)(713,713)(712,712)(714,714)
(708,708)(706,706)(705,705)(702,702)(701,701)(698,698)(690,690)(689,689)(688,688)(667,667)
(666,666)(660,660)(651,651)(635,635)(634,634)(623,623)(702,702)(698,698)(698,698)(671,671)
(669,669)(616,616)(616,616)(620,620)(616,616)(616,616)(621,621)(616,616)(616,616)(620,620)
(616,616)(616,616)(621,621)(616,616)(616,616)(619,619)(620,620)(616,616)(620,620)(616,616)
(621,621)(616,616)(624,624)(617,617)(624,624)(621,621)(627,627)(621,621)(625,625)(632,632)
(640,640)(639,639)(648,648)(624,624)(639,639)(657,657)(657,657)(700,700)(703,703)(719,719)
(720,720)(731,731)(725,725)(726,726)(727,727)(734,734)(730,730)(735,735)(736,736)(736,736)
(731,731)(736,736)(732,732)(736,736)(732,732)(733,733)(718,718)(1306,1306)(1297,1297)(1290,1290)
(1292,1292)(1287,1287)(1288,1288)(1284,1284)(1282,1282)(1284,1284)(1281,1281)(1280,1280)(1279,1279)(1270,1270)
(1268,1268)(1268,1268)(1262,1262)(1260,1260)(1257,1257)(1256,1256)(1242,1242)(1241,1241)(1239,1239)(1239,1239)
(1236,1236)(1232,1232)(1223,1223)(1223,1223)(1220,1220)(1220,1220)(1224,1224)(1220,1220)(1219,1219)(1220,1220)
(1223,1223)(1233,1233)(1228,1228)(1227,1227)(1219,1219)(1221,1221)(1219,1219)(1221,1221)(1219,1219)(1219,1219)
(1222,1222)(1219,1219)(1221,1221)(1219,1219)(1219,1219)(1222,1222)(1219,1219)(1222,1222)(1219,1219)(1223,1223)
(1219,1219)(1222,1222)(1219,1219)(1221,1221)(1228,1228)(1230,1230)(1238,1238)(1239,1239)(1247,1247)(1258,1258)
(1260,1260)(1262,1262)(1260,1260)(1267,1267)(1266,1266)(1274,1274)(1278,1278)(1274,1274)(1281,1281)(1281,1281)
(1284,1284)(1287,1287)(1285,1285)(1287,1287)(1287,1287)(1293,1293)(1307,1307)(1338,1338)(1306,1306)(1311,1311)
(1310,1310)(1306,1306)(1312,1312)(1337,1337)(1353,1353)(1351,1351)(1368,1368)(1373,1373)(1370,1370)(1374,1374)
(1371,1371)(1375,1375)(1371,1371)(1374,1374)(1383,1383)(1383,1383)(1393,1393)(1392,1392)(1398,1398)(1403,1403)
(1407,1407)(1400,1400)(1388,1388)(1388,1388)(1395,1395)(1391,1391)(1381,1381)(1384,1384)(1379,1379)(1384,1384)
(1377,1377)(1378,1378)(1374,1374)(1375,1375)(1371,1371)(1375,1375)(1370,1370)(1375,1375)(1370,1370)(1370,1370)
(1376,1376)(1370,1370)(1376,1376)(1370,1370)(1370,1370)(1374,1374)(1370,1370)(1375,1375)(1384,1384)(1398,1398)
(1396,1396)(1407,1407)(1413,1413)(1408,1408)(1416,1416)(1420,1420)(1417,1417)(1411,1411)(1420,1420)(1415,1415)
(1420,1420)(1415,1415)(1420,1420)(1417,1417)(1453,1453)(1445,1445)(1444,1444)(1449,1449)(1444,1444)(729,729)
(672,672)(653,653)(633,633)(625,625)(614,614)(615,615)(559,559)(556,556)(547,547)(543,543)
(542,542)(541,541)(539,539)(537,537)(529,529)(534,534)(528,528)(528,528)(519,519)(519,519)
(504,504)(503,503)(462,462)(467,467)(463,463)(448,448)(428,428)(425,425)(414,414)(407,407)
(392,392)(354,354)(728,728)(1022,1022)(1018,1018)(1019,1019)(1016,1016)(1016,1016)(1014,1014)(1010,1010)
(1010,1010)(1008,1008)(1008,1008)(1005,1005)(1004,1004)(1005,1005)(1003,1003)(1004,1004)(1002,1002)(1000,1000)
(1000,1000)(995,995)(1033,1033)(1034,1034)(1072,1072)(1069,1069)(1072,1072)(1071,1071)(1072,1072)(1071,1071)
(1068,1068)(1069,1069)(1067,1067)(1068,1068)(1066,1066)(1065,1065)(1066,1066)(1065,1065)(1063,1063)(1065,1065)
(1064,1064)(1063,1063)(1060,1060)(1060,1060)(1058,1058)(1060,1060)(1058,1058)(1058,1058)(1052,1052)(1052,1052)
(1051,1051)(1049,1049)(1042,1042)(1039,1039)(1030,1030)(1026,1026)
