(0,0)(0,0)(956,956)(956,956)(461,461)(468,468)(471,471)(473,473)(485,485)(529,529)
(582,582)(623,623)(624,624)(645,645)(660,660)(666,666)(666,666)(671,671)(668,668)(672,672)
(676,676)(672,672)(672,672)(669,669)(669,669)(661,661)(660,660)(649,649)(637,637)(643,643)
(640,640)(637,637)(634,634)(631,631)(629,629)(621,621)(621,621)(618,618)(618,618)(615,615)
(613,613)(619,619)(614,614)(616,616)(613,613)(614,614)(610,610)(606,606)(600,600)(604,604)
(602,602)(594,594)(592,592)(596,596)(589,589)(576,576)(580,580)(576,576)(552,552)(555,555)
(547,547)(548,548)(545,545)(543,543)(543,543)(540,540)(520,520)(505,505)(488,488)(492,492)
(476,476)(479,479)(475,475)(473,473)(472,472)(468,468)(856,856)(849,849)(844,844)(840,840)
(825,825)(823,823)(819,819)(821,821)(816,816)(819,819)(813,813)(815,815)(816,816)(823,823)
(824,824)(831,831)(832,832)(839,839)(839,839)(847,847)(848,848)(855,855)(856,856)(871,871)
(872,872)(879,879)(880,880)(911,911)(912,912)(918,918)(943,943)(945,945)(947,947)(944,944)
(946,946)(950,950)(946,946)(950,950)(948,948)(950,950)(948,948)(950,950)(948,948)(950,950)
(950,950)(255,255)(108,108)(93,93)(94,94)(104,104)(98,98)(107,107)(112,112)(107,107)
(117,117)(120,120)(122,122)(129,129)(123,123)(120,120)(105,105)(115,115)(104,104)(106,106)
(99,99)(101,101)(117,117)(124,124)(105,105)(111,111)(104,104)(110,110)(100,100)(101,101)
(95,95)(90,90)(94,94)(86,86)(88,88)(93,93)(101,101)(91,91)(96,96)(102,102)
(108,108)(98,98)(104,104)(84,84)(115,115)(111,111)(95,95)(103,103)(99,99)(105,105)
(101,101)(112,112)(112,112)(118,118)(116,116)(125,125)(120,120)(132,132)(128,128)(135,135)
(117,117)(124,124)(112,112)(119,119)(109,109)(111,111)(128,128)(124,124)(137,137)(119,119)
(126,126)(120,120)(137,137)(138,138)(142,142)(168,168)(166,166)(194,194)(477,477)(495,495)
(534,534)(542,542)(563,563)(579,579)(577,577)(595,595)(610,610)(628,628)(642,642)(638,638)
(601,601)(579,579)(584,584)(578,578)(583,583)(546,546)(558,558)(566,566)(586,586)(618,618)
(622,622)(600,600)(604,604)(673,673)(665,665)(673,673)(663,663)(658,658)(672,672)(664,664)
(653,653)(646,646)(628,628)(605,605)(634,634)(602,602)(616,616)(645,645)(635,635)(619,619)
(627,627)(614,614)(622,622)(605,605)(625,625)(623,623)(593,593)(556,556)(586,586)(582,582)
(609,609)(640,640)(646,646)(629,629)(608,608)(593,593)(580,580)(559,559)(532,532)(523,523)
(505,505)(496,496)(735,735)(718,718)(740,740)(777,777)(810,810)(814,814)(817,817)(820,820)
(814,814)(826,826)(818,818)(855,855)(844,844)(851,851)(838,838)(850,850)(863,863)(860,860)
(852,852)(854,854)(876,876)(871,871)(857,857)(870,870)(863,863)(864,864)(872,872)(867,867)
(880,880)(888,888)(900,900)(891,891)(896,896)(885,885)(876,876)(886,886)(886,886)(889,889)
(905,905)(885,885)(903,903)(890,890)(911,911)(904,904)(902,902)(897,897)(896,896)(923,923)
(909,909)(898,898)(904,904)(890,890)(906,906)(904,904)(902,902)(890,890)(895,895)(896,896)
(898,898)(910,910)(899,899)(911,911)(904,904)(906,906)(888,888)(885,885)(732,732)(732,732)
(729,729)(727,727)(730,730)(732,732)(748,748)(751,751)(767,767)(797,797)(798,798)(801,801)
(803,803)(807,807)(852,852)(855,855)(871,871)(875,875)(901,901)(902,902)(912,912)(913,913)
(914,914)(917,917)(919,919)(922,922)(923,923)(927,927)(927,927)(930,930)(931,931)(927,927)
(925,925)(920,920)(925,925)(922,922)(928,928)(931,931)(926,926)(926,926)(929,929)(928,928)
(930,930)(928,928)(925,925)(923,923)(925,925)(920,920)(920,920)(911,911)(907,907)(906,906)
(905,905)(901,901)(895,895)(891,891)(874,874)(846,846)(842,842)(799,799)(754,754)(747,747)
(584,584)(571,571)(564,564)(563,563)(554,554)(552,552)(543,543)(529,529)(487,487)(474,474)
(477,477)(474,474)(474,474)(483,483)(485,485)(504,504)(522,522)(542,542)(540,540)(544,544)
(502,502)(507,507)(514,514)(505,505)(517,517)(513,513)(504,504)(498,498)(493,493)(496,496)
(493,493)(488,488)(499,499)(486,486)(478,478)(489,489)(503,503)(499,499)(503,503)(510,510)
(510,510)(521,521)(527,527)(519,519)(571,571)(569,569)(576,576)(575,575)(579,579)(580,580)
(577,577)(587,587)(590,590)(594,594)(589,589)(591,591)(594,594)(584,584)(588,588)(422,422)
(335,335)(277,277)(203,203)(150,150)(113,113)(82,82)(68,68)(74,74)(98,98)(119,119)
(153,153)(227,227)(276,276)(320,320)(354,354)(390,390)(411,411)(428,428)(435,435)(435,435)
(427,427)(411,411)(364,364)(392,392)
